% -------------------------------------------------------------------
%  Generated by MATLAB on 23-Jan-2024 12:55:41
%  MATLAB version: 9.12.0.1884302 (R2022a)
% -------------------------------------------------------------------
                                 

w = [0; 0; 0; 0; 0; 0; 0; 0; 0; 0; 0; 0; 0; 0; 0; 0; 0; 0; 0; 0; 0; 0; ...
     0; 0; 0; 0; 0; 0; 0; 0; 0; 0; 0; 0; 0; 0; 0; 0; 0; 0; 0; 0; 0; 0; ...
     0; 0; 0; 0; 0; 0; 0; 0; 0; 0; 0; 0; 0; 0; 0; 0; 0; 0; 0; 0; 0; 0; ...
     0; 0; 0; 0; 0; 0; 0; 0; 0; 0; 0; 0; 0; 0; 0; 0; 0; 0; 0; 0; 0; 0; ...
     0; 0; 0; 0; 0; 0; 0; 0; 0; 0; 0; 0; 0; 27.573537826538086; 81.004926681518555; ...
     121.32356643676758; 152.69612503051758; 176.96083831787109; 195.95594215393066; ...
     210.4167308807373; 221.3235969543457; 229.65693283081055; 236.51968002319336; ...
     242.52458381652832; 247.67164421081543; 250.98046875; 254.0441951751709; ...
     255.88243103027344; 257.4755687713623; 258.94615745544434; 259.55890274047852; ...
     260.41674613952637; 260.5392951965332; 261.15204048156738; 260.90694236755371; ...
     261.27458953857422; 260.66184425354004; 261.39713859558105; 261.15204048156738; ...
     261.64223670959473; 261.27458953857422; 261.64223670959473; 261.27458953857422; ...
     261.8873348236084; 261.64223670959473; 262.00988388061523; 261.76478576660156; ...
     262.13243293762207; 261.64223670959473; 261.8873348236084; 261.8873348236084; ...
     262.00988388061523; 262.00988388061523; 261.76478576660156; 261.8873348236084; ...
     261.64223670959473; 261.39713859558105; 261.39713859558105; 261.64223670959473; ...
     261.15204048156738; 261.64223670959473; 261.39713859558105; 261.8873348236084; ...
     261.64223670959473; 262.00988388061523; 261.51968765258789; 261.39713859558105; ...
     260.90694236755371; 261.39713859558105; 261.15204048156738; 261.64223670959473; ...
     261.15204048156738; 261.64223670959473; 261.27458953857422; 261.51968765258789; ...
     261.39713859558105; 261.76478576660156; 261.39713859558105; 261.27458953857422; ...
     261.39713859558105; 261.51968765258789; 261.76478576660156; 261.51968765258789; ...
     261.8873348236084; 261.8873348236084; 262.00988388061523; 261.64223670959473; ...
     261.76478576660156; 261.02949142456055; 261.39713859558105; 260.90694236755371; ...
     261.39713859558105; 261.02949142456055; 261.27458953857422; 261.02949142456055; ...
     261.15204048156738; 260.78439331054688; 260.90694236755371; 260.66184425354004; ...
     260.41674613952637; 259.926549911499; 260.1716480255127; 260.04909896850586; ...
     260.04909896850586; 260.04909896850586; 259.926549911499; 260.1716480255127; ...
     260.04909896850586; 260.1716480255127; 259.926549911499; 260.04909896850586; ...
     259.68145179748535; 259.80400085449219; 259.55890274047852; 259.80400085449219; ...
     259.926549911499; 260.1716480255127; 259.68145179748535; 259.68145179748535; ...
     259.06870651245117; 259.43635368347168; 259.55890274047852; 260.04909896850586; ...
     260.1716480255127; 260.1716480255127; 260.5392951965332; 260.29419708251953; ...
     260.41674613952637; 259.68145179748535; 260.29419708251953; 260.41674613952637; ...
     260.90694236755371; 260.41674613952637; 260.78439331054688; 260.41674613952637; ...
     260.66184425354004; 260.1716480255127; 260.04909896850586; 259.55890274047852; ...
     260.04909896850586; 260.1716480255127; 260.66184425354004; 260.78439331054688; ...
     260.66184425354004; 260.5392951965332; 260.04909896850586; 259.926549911499; ...
     259.55890274047852; 260.1716480255127; 260.1716480255127; 260.41674613952637; ...
     259.926549911499; 260.41674613952637; 260.04909896850586; 260.5392951965332; ...
     260.04909896850586; 260.5392951965332; 259.926549911499; 260.04909896850586; ...
     259.80400085449219; 259.80400085449219; 259.926549911499; 260.1716480255127; ...
     260.1716480255127; 260.04909896850586; 260.41674613952637; 260.04909896850586; ...
     260.5392951965332; 260.04909896850586; 260.5392951965332; 260.04909896850586; ...
     260.29419708251953; 259.80400085449219; 260.1716480255127; 259.80400085449219; ...
     260.04909896850586; 259.926549911499; 260.1716480255127; 259.80400085449219; ...
     259.68145179748535; 259.68145179748535; 259.68145179748535; 259.80400085449219; ...
     259.926549911499; 260.41674613952637; 260.29419708251953; 260.5392951965332; ...
     260.04909896850586; 260.1716480255127; 259.926549911499; 260.29419708251953; ...
     259.926549911499; 260.1716480255127; 259.926549911499; 260.66184425354004; ...
     260.1716480255127; 260.1716480255127; 259.80400085449219; 259.80400085449219; ...
     259.43635368347168; 259.55890274047852; 259.68145179748535; 259.55890274047852; ...
     259.80400085449219; 259.55890274047852; 259.926549911499; 259.55890274047852; ...
     260.04909896850586; 259.80400085449219; 260.29419708251953; 260.1716480255127; ...
     260.5392951965332];

