% -------------------------------------------------------------------
%  Generated by MATLAB on 25-Jan-2024 07:53:17
%  MATLAB version: 9.12.0.1884302 (R2022a)
% -------------------------------------------------------------------
                                         

w_fullbat_DC50 = [0; 0; 0; 0; 0; 0; 0; 0; 0; 0; 0; 0; 0; 0; 0; 0; 0; 0; ...
                  0; 0; 0; 0; 0; 0; 0; 0; 0; 0; 0; 0; 0; 0; 0; 0; 0; 0; ...
                  0; 0; 0; 0; 0; 0; 0; 0; 0; 0; 0; 0; 0; 0; 0; 0; 0; 0; ...
                  0; 0; 0; 0; 0; 0; 0; 0; 0; 0; 0; 0; 0; 0; 0; 0; 0; 0; ...
                  0; 0; 0; 0; 0; 0; 0; 0; 0; 0; 0; 0; 0; 0; 0; 0; 0; 0; ...
                  0; 0; 0; 0; 0; 0; 0; 0; 0; 0; 0; 0; 0; 0; 0; 0; 0; 0; ...
                  0; 0; 0; 0; 0; 0; 0; 0; 0; 0; 0; 0; 0; 0; 0; 0; 0; 0; ...
                  0; 0; 0; 0; 0; 0; 0; 0; 0; 0; 0; 0; 0; 0; 0; 0; 0; 0; ...
                  0; 0; 0; 0; 0; 0; 0; 0; 0; 0; 0; 0; 0; 0; 0; 0; 0; 0; ...
                  0; 0; 0; 0; 0; 0; 0; 0; 0; 0; 0; 0; 0; 0; 0; 0; 0; 0; ...
                  0; 0; 0; 0; 0; 0; 0; 0; 0; 0; 0; 0; 0; 0; 0; 0; 0; 0; ...
                  0; 0; 0; 0; 0; 0; 0; 0; 0; 0; 0; 0; 0; 0; 0; 0; 0; 0; ...
                  0; 0; 0; 0; 0; 0; 0; 0; 0; 0; 0; 0; 0; 0; 0; 0; 0; 0; ...
                  0; 0; 0; 0; 0; 0; 0; 0; 0; 0; 0; 0; 0; 0; 0; 0; 0; 0; ...
                  0; 0; 0; 0; 0; 0; 0; 0; 0; 0; 0; 0; 0; 0; 0; 0; 0; 0; ...
                  0; 0; 0; 0; 0; 0; 0; 0; 0; 0; 0; 0; 0; 0; 0; 0; 0; 0; ...
                  0; 0; 0; 1.2254905700683594; 7.23039436340332; 13.357847213745117; ...
                  20.710790634155273; 26.225498199462891; 31.740205764770508; ...
                  36.519618988037109; 41.053934097290039; 45.3431510925293; ...
                  49.509819030761719; 53.308839797973633; 56.495115280151367; ...
                  59.926488876342773; 63.112764358520508; 65.8088436126709; ...
                  68.995119094848633; 71.446100234985352; 74.0196304321289; ...
                  76.7157096862793; 78.553945541381836; 80.882377624511719; ...
                  82.720613479614258; 84.803947448730469; 86.2745361328125; ...
                  88.480419158935547; 89.951007843017578; 91.911792755126953; ...
                  93.137283325195312; 94.975519180297852; 96.201009750366211; ...
                  97.671598434448242; 98.8970890045166; 100.2451286315918; ...
                  101.59316825866699; 102.57356071472168; 103.92160034179688; ...
                  104.65689468383789; 105.88238525390625; 106.7402286529541; ...
                  107.47552299499512; 108.70101356506348; 109.19120979309082; ...
                  110.04905319213867; 110.90689659118652; 111.39709281921387; ...
                  112.37748527526855; 112.8676815032959; 113.48042678833008; ...
                  114.33827018737793; 114.82846641540527; 115.44121170043945; ...
                  116.2990550994873; 116.78925132751465; 117.27944755554199; ...
                  118.13729095458984; 118.50493812561035; 119.11768341064453; ...
                  119.60787963867188; 120.09807586669922; 120.34317398071289; ...
                  121.07846832275391; 121.44611549377441; 121.69121360778809; ...
                  122.18140983581543; 122.54905700683594; 122.67160606384277; ...
                  123.03925323486328; 123.65199851989746; 123.65199851989746; ...
                  124.1421947479248; 124.63239097595215; 124.75494003295898; ...
                  125.12258720397949; 125.490234375; 125.98043060302734; ...
                  125.85788154602051; 126.34807777404785; 126.8382740020752; ...
                  126.8382740020752; 126.8382740020752; 127.32847023010254; ...
                  127.57356834411621; 127.69611740112305; 127.81866645812988; ...
                  128.18631362915039; 128.30886268615723; 128.30886268615723; ...
                  128.5539608001709; 128.79905891418457; 129.04415702819824; ...
                  129.04415702819824; 129.41180419921875; 129.53435325622559; ...
                  129.53435325622559; 129.65690231323242; 130.02454948425293; ...
                  130.02454948425293; 130.02454948425293; 130.02454948425293; ...
                  130.39219665527344; 130.2696475982666; 130.14709854125977; ...
                  130.2696475982666; 130.39219665527344; 130.2696475982666; ...
                  130.02454948425293; 130.39219665527344; 130.51474571228027; ...
                  130.39219665527344; 130.39219665527344; 130.51474571228027; ...
                  130.75984382629395; 130.51474571228027; 130.51474571228027; ...
                  130.75984382629395; 130.88239288330078; 130.63729476928711; ...
                  130.88239288330078; 131.00494194030762; 131.00494194030762; ...
                  130.75984382629395; 130.88239288330078; 131.00494194030762; ...
                  130.88239288330078; 130.88239288330078; 130.88239288330078; ...
                  131.12749099731445; 131.12749099731445; 130.88239288330078; ...
                  131.12749099731445; 131.25004005432129; 131.25004005432129; ...
                  131.25004005432129; 131.37258911132812; 131.49513816833496; ...
                  131.37258911132812; 131.37258911132812; 131.49513816833496; ...
                  131.6176872253418; 131.37258911132812; 131.37258911132812; ...
                  131.49513816833496; 131.49513816833496; 131.49513816833496; ...
                  131.25004005432129; 131.6176872253418; 131.49513816833496; ...
                  131.49513816833496; 131.49513816833496; 131.74023628234863; ...
                  131.74023628234863; 131.74023628234863; 131.6176872253418; ...
                  131.86278533935547; 131.9853343963623; 131.86278533935547; ...
                  131.86278533935547; 131.9853343963623; 131.9853343963623; ...
                  131.74023628234863; 131.74023628234863; 131.9853343963623; ...
                  131.9853343963623; 131.86278533935547; 131.74023628234863; ...
                  132.10788345336914; 132.10788345336914; 132.10788345336914; ...
                  132.10788345336914; 132.35298156738281; 132.23043251037598; ...
                  132.35298156738281; 132.23043251037598; 132.47553062438965; ...
                  132.47553062438965; 132.35298156738281; 132.35298156738281; ...
                  132.47553062438965; 132.35298156738281; 132.35298156738281; ...
                  132.23043251037598; 132.47553062438965; 132.47553062438965; ...
                  132.35298156738281; 132.47553062438965; 132.59807968139648; ...
                  132.84317779541016; 132.59807968139648; 132.59807968139648; ...
                  132.965726852417; 132.84317779541016; 132.72062873840332; ...
                  132.84317779541016; 132.84317779541016; 132.965726852417; ...
                  132.84317779541016; 132.72062873840332; 132.965726852417; ...
                  132.965726852417; 132.84317779541016; 132.72062873840332; ...
                  132.965726852417; 133.08827590942383; 132.965726852417; ...
                  132.84317779541016; 133.21082496643066; 133.3333740234375; ...
                  133.21082496643066; 133.08827590942383; 133.3333740234375; ...
                  133.45592308044434; 133.21082496643066; 133.21082496643066; ...
                  133.21082496643066; 133.45592308044434; 133.21082496643066; ...
                  133.21082496643066; 133.21082496643066; 133.45592308044434; ...
                  133.45592308044434; 133.3333740234375; 133.3333740234375; ...
                  133.701021194458; 133.57847213745117; 133.45592308044434; ...
                  133.57847213745117; 133.82357025146484; 133.701021194458; ...
                  133.57847213745117; 133.701021194458; 133.82357025146484; ...
                  133.701021194458; 133.701021194458; 133.57847213745117; ...
                  133.82357025146484; 133.82357025146484; 133.701021194458; ...
                  133.701021194458; 133.94611930847168; 133.94611930847168; ...
