% -------------------------------------------------------------------
%  Generated by MATLAB on 25-Jan-2024 07:58:53
%  MATLAB version: 9.12.0.1884302 (R2022a)
% -------------------------------------------------------------------
                                          

w_fullbat_DC100 = [0; 0; 0; 0; 0; 0; 0; 0; 0; 0; 0; 0; 0; 0; 0; 0; 0; 0; ...
                   0; 0; 0; 0; 0; 0; 0; 0; 0; 0; 0; 0; 0; 0; 0; 0; 0; 0; ...
                   0; 0; 0; 0; 0; 0; 0; 0; 0; 0; 0; 0; 0; 0; 0; 0; 0; 0; ...
                   0; 0; 0; 0; 0; 0; 0; 0; 0; 0; 0; 0; 0; 0; 0; 0; 0; 0; ...
                   0; 0; 0; 0; 0; 0; 0; 0; 0; 0; 0; 0; 0; 0; 0; 0; 0; 0; ...
                   0; 0; 0; 0; 0; 0; 0; 0; 0; 0; 0; 0; 0; 0; 0; 0; 0; 0; ...
                   0; 0; 0; 0; 0; 0; 0; 0; 0; 0; 0; 0; 0; 0; 0; 0; 0; 0; ...
                   0; 0; 0; 0; 0; 0; 0; 0; 0; 0; 0; 0; 0; 0; 0; 0; 0; 0; ...
                   0; 0; 0; 0; 0; 0; 0; 0; 0; 0; 0; 0; 0; 0; 0; 0; 0; 0; ...
                   0; 0; 0; 0; 0; 0; 0; 0; 0; 0; 0; 0; 0; 0; 0; 0; 0; 0; ...
                   0; 0; 0; 0; 0; 0; 0; 0; 0; 0; 0; 0; 0; 0; 0; 0; 0; 0; ...
                   0; 0; 0; 0; 0; 0; 0; 0; 0; 0; 0; 0; 0; 0; 0; 0; 6.3725509643554688; ...
                   62.009822845458984; 116.05395698547363; 156.86279296875; ...
                   187.62260627746582; 211.397123336792; 229.90203094482422; ...
                   243.87262344360352; 254.16674423217773; 262.86772727966309; ...
                   268.87263107299805; 274.63243675231934; 278.30890846252441; ...
                   281.74028205871582; 284.19126319885254; 285.90694999694824; ...
                   287.74518585205078; 288.8481273651123; 290.1961669921875; ...
                   291.42165756225586; 292.03440284729004; 292.89224624633789; ...
                   293.50499153137207; 293.75008964538574; 294.24028587341309; ...
                   294.9755802154541; 294.85303115844727; 295.34322738647461; ...
                   295.71087455749512; 295.58832550048828; 295.71087455749512; ...
                   296.07852172851562; 295.95597267150879; 295.95597267150879; ...
                   296.3236198425293; 296.20107078552246; 296.07852172851562; ...
                   296.56871795654297; 296.20107078552246; 296.20107078552246; ...
                   296.56871795654297; 296.44616889953613; 296.07852172851562; ...
                   296.44616889953613; 296.20107078552246; 295.95597267150879; ...
                   296.20107078552246; 296.20107078552246; 296.20107078552246; ...
                   296.3236198425293; 296.3236198425293; 296.07852172851562; ...
                   296.07852172851562; 296.07852172851562; 295.95597267150879; ...
                   296.20107078552246; 296.20107078552246; 296.20107078552246; ...
                   296.07852172851562; 296.44616889953613; 296.07852172851562; ...
                   296.20107078552246; 296.56871795654297; 296.20107078552246; ...
                   296.07852172851562; 296.20107078552246; 296.07852172851562; ...
                   296.07852172851562; 296.3236198425293; 296.07852172851562; ...
                   295.71087455749512; 295.95597267150879; 295.58832550048828; ...
                   295.22067832946777; 295.22067832946777; 295.09812927246094; ...
                   294.9755802154541; 295.34322738647461; 295.09812927246094; ...
                   294.73048210144043; 294.85303115844727; 294.9755802154541; ...
                   294.60793304443359; 294.85303115844727; 294.9755802154541; ...
                   294.48538398742676; 294.48538398742676; 294.60793304443359; ...
                   294.36283493041992; 294.73048210144043; 294.73048210144043; ...
                   294.73048210144043; 295.09812927246094; 295.09812927246094; ...
                   294.60793304443359; 294.73048210144043; 294.85303115844727; ...
                   294.36283493041992; 294.48538398742676; 294.48538398742676; ...
                   294.11773681640625; 294.11773681640625; 294.36283493041992; ...
                   294.24028587341309; 294.48538398742676; 294.48538398742676; ...
                   294.11773681640625; 294.48538398742676; 294.48538398742676; ...
                   294.24028587341309; 294.48538398742676; 294.48538398742676; ...
                   294.11773681640625; 294.36283493041992; 294.48538398742676; ...
                   294.24028587341309; 294.36283493041992; 294.36283493041992; ...
                   294.24028587341309; 294.36283493041992; 294.60793304443359; ...
                   294.24028587341309; 294.36283493041992; 294.73048210144043; ...
                   294.48538398742676; 294.85303115844727; 294.60793304443359; ...
                   294.60793304443359; 294.60793304443359; 294.60793304443359; ...
                   294.24028587341309; 294.36283493041992; 294.36283493041992; ...
                   293.87263870239258; 293.75008964538574; 293.75008964538574; ...
                   293.38244247436523; 293.2598934173584; 293.62754058837891; ...
                   293.50499153137207; 293.62754058837891; 293.62754058837891; ...
                   293.2598934173584; 293.2598934173584; 293.62754058837891; ...
                   293.2598934173584; 293.38244247436523; 293.87263870239258; ...
                   293.50499153137207; 293.75008964538574; 293.99518775939941; ...
                   293.99518775939941; 294.36283493041992; 294.48538398742676; ...
                   294.11773681640625; 294.36283493041992; 294.60793304443359; ...
                   294.11773681640625; 294.24028587341309; 294.36283493041992; ...
                   293.87263870239258; 293.99518775939941; 293.99518775939941; ...
                   293.75008964538574; 293.87263870239258; 293.99518775939941; ...
                   293.99518775939941; 294.11773681640625; 294.60793304443359; ...
                   294.11773681640625; 294.36283493041992; 294.60793304443359; ...
                   294.24028587341309; 294.36283493041992; 294.36283493041992; ...
                   294.11773681640625; 294.24028587341309; 294.24028587341309; ...
                   293.99518775939941; 294.11773681640625; 294.11773681640625; ...
                   293.38244247436523; 293.38244247436523; 293.50499153137207; ...
                   293.2598934173584; 293.2598934173584; 293.13734436035156; ...
                   292.64714813232422; 293.13734436035156; 293.2598934173584; ...
                   293.13734436035156; 293.38244247436523; 293.38244247436523; ...
                   293.2598934173584; 293.62754058837891; 293.62754058837891; ...
                   293.2598934173584; 293.62754058837891; 293.50499153137207; ...
                   293.38244247436523; 293.62754058837891; 293.38244247436523; ...
                   293.13734436035156; 293.50499153137207; 293.50499153137207; ...
                   293.2598934173584; 293.62754058837891; 293.50499153137207; ...
                   293.01479530334473; 293.13734436035156; 293.13734436035156; ...
                   293.13734436035156; 293.62754058837891; 293.62754058837891; ...
                   293.38244247436523; 293.87263870239258; 293.87263870239258; ...
                   293.87263870239258; 294.11773681640625; 293.75008964538574; ...
                   293.75008964538574; 293.75008964538574; 293.62754058837891; ...
                   293.62754058837891; 293.75008964538574; 293.38244247436523; ...
                   293.2598934173584; 293.38244247436523; 293.13734436035156; ...
                   293.2598934173584; 293.87263870239258; 293.50499153137207; ...
                   293.62754058837891; 293.50499153137207; 293.2598934173584; ...
                   293.01479530334473; 293.2598934173584; 293.2598934173584; ...
                   293.13734436035156; 293.38244247436523; 293.13734436035156; ...
                   293.01479530334473; 293.2598934173584; 293.01479530334473; ...
                   292.89224624633789; 293.13734436035156; 292.64714813232422; ...
